Suddi 631.4 Ion Monarch 148 141 1010111110 EU1 16 15 463 31 18 13 493 35 13 16 504 40 15 12 433 37 11 10 302 32 11 7 302 41 8 6 185 34 22 22 21 19 14 13 8 119 2682 41 12 17 6 18 9 8 6 76 2 2 2 3 2 1 2 3
Stn 614.1 Ion Tone 133 128 110011101 NY1 16 18 563 36 20 16 693 38 20 16 746 40 14 14 475 34 12 13 422 31 7 12 356 38 5 9 247 38 26 28 29 22 18 13 9 145 3502 40 7 6 4 4 8 0 2 69 3 2 1 1 3 2 2 3
Zery 613.2 Ronin Ion 140 110 1001101100 EU2 25 27 710 29 26 23 745 31 21 24 821 37 27 12 547 30 15 11 330 25 10 6 293 32 9 4 217 33 37 36 34 28 18 13 10 176 3663 37 4 14 4 6 8 5 3 71 2 2 1 3 2 2 1 3
Foy 610.5 Monarch Tone 54 29 1001101100 NY2 10 6 312 28 9 9 359 29 13 5 457 38 9 6 307 28 7 0 124 27 2 3 95 22 3 0 74 30 16 18 18 15 7 5 3 82 1728 38 5 7 3 5 5 1 1 50 2 3 2 2 3 1 3 3
Timo 609.8 Northstar Ion 202 191 1010011111 EU2 27 25 731 29 34 22 870 35 23 28 855 38 20 20 602 34 13 14 388 38 12 12 452 37 12 11 376 39 33 38 35 28 16 17 14 181 4274 39 5 19 7 6 5 7 2 71 1 3 2 1 2 2 1 3
Squishy 609.0 Tone Ion 52 41 1010101011 EU1 1 2 74 30 3 3 147 28 4 2 123 26 2 5 157 29 2 5 145 25 3 0 78 31 2 1 69 31 3 6 6 7 7 3 3 35 793 31 1 1 2 1 2 2 0 10 1 1 1 1 1 1 0 1
Elytic 608.6 Ronin Tone 194 200 1011010101 EU2 24 28 728 32 23 32 888 40 29 20 822 36 18 24 611 30 13 15 378 35 14 9 299 30 12 11 263 28 34 37 34 28 17 14 13 177 3989 40 4 13 8 12 10 5 6 79 1 3 2 4 2 2 2 4
Becket 608.0 Ion Monarch 146 118 101001110 EU3 36 13 787 31 20 28 821 33 31 14 887 38 17 23 584 30 14 13 346 23 11 11 352 28 9 10 310 30 37 39 35 30 19 17 13 190 4087 38 7 11 11 17 5 3 3 92 3 2 2 2 1 2 2 3
Haboo 606.1 Tone Monarch 75 64 11010101 NY4 11 14 478 36 14 12 515 32 14 12 476 33 12 7 291 26 7 9 268 21 9 1 196 27 2 4 123 29 24 25 25 18 15 10 6 123 2347 36 8 13 8 15 10 9 4 83 2 3 1 2 4 3 2 4
Diddy 600.4 Monarch Tone 141 148 100100011 NY5 21 20 641 30 21 22 635 27 13 29 669 27 19 14 502 27 11 17 342 28 10 14 318 29 12 9 304 39 30 33 32 25 18 16 14 168 3411 39 2 7 4 7 6 4 3 73 1 2 2 5 2 2 1 5
Grim 598.8 Ronin Ion 53 63 110101110 NY6 6 2 119 29 4 6 140 30 4 2 77 22 2 4 73 21 2 2 36 24 2 2 30 16 3 1 23 23 5 6 4 4 2 2 1 24 498 30 1 0 0 0 1 0 0 12 1 1 3 1 1 0 2 3
M-kon 597.7 Northstar Monarch 32 24 111101001 EU2 8 6 198 27 9 4 221 32 6 8 224 30 2 5 83 20 3 1 32 19 3 2 49 22 2 2 40 21 11 10 11 5 2 3 2 44 847 32 4 2 4 1 0 2 1 24 1 2 2 1 2 2 1 2
Zim 597.6 Northstar Ion 32 40 111011001 NY5 0 0 0 0 0 0 0 0 0 0 0 0 0 1 25 25 0 0 0 0 0 0 0 0 0 0 0 0 0 0 0 1 0 0 0 1 25 25 0 0 0 1 0 0 0 1 0 0 0 1 0 0 0 1
Bobby 596.5 Ronin Monarch 125 106 1111001000 NY4 9 10 148 26 17 13 371 36 16 11 311 31 11 12 250 28 6 9 117 28 5 5 131 34 6 6 171 36 7 15 14 12 6 5 6 65 1499 36 1 5 3 5 4 5 0 33 1 1 1 3 2 3 0 3
Blak 596.3 Ronin Ion 245 250 1101110 EU2 24 38 884 29 32 33 1082 34 28 32 1010 42 25 23 724 44 22 14 514 28 15 17 609 45 10 14 319 30 44 46 43 34 24 24 14 229 5142 45 12 17 9 18 9 4 7 133 2 3 2 3 3 2 3 3
Zto 595.6 Northstar Tone 46 50 1001000101 NY1 2 3 42 30 5 5 148 30 3 7 131 29 3 5 88 34 4 3 70 33 2 3 38 21 4 2 84 32 2 6 6 4 3 2 3 26 601 34 0 0 1 0 1 0 1 8 2 1 1 0 1 1 1 2
Naicrez 591.1 Monarch ? 54 40 1011111000 EU2 9 8 337 26 11 6 339 30 8 11 388 33 12 3 306 30 6 5 237 28 4 6 223 31 4 1 104 28 17 17 19 15 11 10 5 94 1934 33 4 8 7 7 11 5 6 48 1 2 2 1 3 2 3 3
Toxic 590.2 Tone - 75 89 1011010101 EU3 16 15 707 34 13 17 731 41 14 17 780 35 11 14 565 33 10 11 464 38 8 8 388 34 3 7 260 39 31 30 31 25 21 16 10 164 3895 41 2 3 7 13 6 1 1 41 1 1 2 2 3 1 1 3
Eppixx 587.1 Ion Northstar 15 11 11100001 EU1 0 2 41 22 0 1 15 15 0 1 14 14 1 0 15 15 0 0 0 0 2 0 43 22 0 2 50 30 2 1 1 1 0 2 2 9 178 30 0 0 0 0 0 1 0 4 0 0 0 3 0 1 0 3
Cylas 587.1 Northstar Tone 35 43 1011001 EU1 5 6 139 26 4 7 151 23 4 7 158 24 3 4 78 24 2 1 16 16 4 2 45 17 1 2 23 23 8 9 8 5 1 3 1 35 610 26 1 2 0 0 0 0 0 16 1 4 0 2 0 1 0 4
Slime 585.8 Northstar Ion 36 40 101101001 NY5 2 4 29 19 3 4 31 16 4 1 20 20 2 4 40 28 3 4 31 18 4 1 39 20 1 4 16 16 2 2 1 2 2 2 1 12 206 28 0 0 0 3 1 0 0 5 0 0 0 3 1 0 0 3
Sora 584.6 Northstar Ion 27 23 1011110110 NY1 3 1 78 20 3 1 81 21 1 3 60 18 1 0 20 20 2 1 44 18 0 2 35 18 1 0 19 19 4 4 4 1 3 2 1 19 337 21 3 0 1 0 1 0 0 8 2 1 1 0 1 0 2 2
Alex 583.9 Monarch Ion 75 81 110010101 EU2 11 8 199 28 10 12 256 28 7 13 205 23 6 8 102 23 5 7 96 24 3 4 84 26 3 3 39 21 12 13 12 7 5 4 2 55 981 28 4 7 2 6 4 0 0 28 1 3 1 4 2 0 0 4
Ronin 583.7 Northstar Monarch 81 82 11011100 EU1 17 20 519 33 21 17 574 29 14 19 453 33 8 15 246 23 7 11 206 27 10 7 254 28 6 5 114 24 27 28 24 16 11 12 6 124 2366 33 0 1 0 1 1 2 0 23 1 2 1 2 1 1 1 2
Mitter 583.0 Ion Monarch 52 48 1100010101 EU2 11 11 391 28 14 7 397 28 12 9 454 32 8 8 281 24 3 6 142 20 2 5 128 24 2 2 81 25 22 21 21 16 9 7 4 100 1874 32 1 13 7 7 3 2 3 38 1 3 2 2 1 1 2 3
Titan 578.9 Northstar Ion 22 27 111100101 NY3 4 8 219 25 4 8 201 27 3 6 169 28 5 1 116 27 2 1 37 15 1 2 71 29 2 1 48 20 12 12 9 6 3 3 3 48 861 29 4 2 1 0 0 0 1 16 2 1 1 0 2 1 1 2
Tark 575.6 Legion Ion 53 50 1010101011 NY6 2 2 62 23 1 4 71 24 3 1 56 16 0 1 20 20 1 2 55 22 1 0 14 14 0 1 15 15 4 5 4 1 3 1 1 19 293 24 2 3 1 0 0 0 0 8 1 1 1 0 1 0 0 1
Lightman 574.3 All Titans 13 11 1101011 NY1 4 2 97 24 2 2 47 18 1 3 50 20 1 1 35 20 1 0 14 14 0 2 40 24 0 0 0 0 6 4 4 2 1 2 0 19 283 24 3 2 2 2 0 0 0 9 1 1 1 2 0 0 0 2
Skitts 572.5 Tone ? 11 10 101110100 EU1 0 0 0 0 1 0 8 8 2 0 32 20 1 1 25 14 0 2 26 14 1 1 30 15 1 1 27 16 0 1 2 2 2 2 2 11 148 20 0 0 1 1 0 0 0 2 0 0 1 1 0 0 0 1
Hero 572.0 Monarch Ion 21 31 1100001 EU1 5 7 99 21 7 7 155 27 6 7 129 24 2 6 44 16 2 3 41 25 1 4 70 29 2 2 22 22 6 7 6 3 2 3 1 28 560 29 0 0 1 0 0 0 0 1 0 0 1 0 0 0 0 1
Noface 571.9 ? ? 9 5 110100011 NY1 2 0 43 25 1 1 28 17 3 1 74 25 2 2 55 17 0 0 0 0 0 0 0 0 1 1 24 13 2 2 4 4 0 0 2 14 224 25 2 3 3 6 0 0 5 19 1 2 2 4 0 0 4 4
Daire 569.7 Tone Ion 40 37 11000101 EU3 2 6 56 18 6 3 59 17 3 5 64 20 4 2 40 17 2 1 0 0 1 1 0 0 1 3 13 13 4 5 4 3 0 0 1 17 232 20 0 3 3 2 0 0 0 10 0 2 1 1 0 0 0 2
Ruski 567.8 Legion Tone 9 13 1000001001 NY1 0 0 0 0 0 0 0 0 1 0 18 18 0 1 13 13 0 0 0 0 0 0 0 0 0 0 0 0 0 0 1 1 0 0 0 2 31 18 0 0 0 0 0 0 0 0 0 0 0 0 0 0 0 0
Dragon 567.6 Tone Ronin 38 50 10010010 NY5 4 7 26 16 5 6 28 16 3 5 31 19 4 3 10 10 3 5 14 14 2 2 15 15 2 3 12 12 2 2 2 1 1 1 1 10 136 19 0 1 1 0 0 0 0 4 0 2 1 0 0 0 0 2
